Michael Jordan 35 CS401 01 10 9 8 8 9 9 8 7 7 9 18 80 89
Lebron James 23 CS401 01 10 9 8 10 7 9 8 7 7 9 17 85 90
Kobe Bryant 24 CS401 02 10 9 8 10 9 10 8 7 7 9 20 84 98
Zihao Jian 66 CS401 01 10 9 8 10 9 9 8 7 7 9 19 88 77
Kai Ming 77 CS401 01 10 9 8 10 9 9 8 7 7 9 18 99 87
Tai Zi 20 CS401 02 10 9 8 10 9 9 10 7 7 9 19 90 86
Yu Xiong 51 CS401 01 10 9 8 10 9 9 8 7 7 9 18 88 77
Han Wang 37 CS401 02 10 9 8 10 9 9 9 10 7 9 20 76 90
Changhao Li 78 CS401 03 10 9 8 10 9 9 8 10 7 9 15 74 92
Fengzuo Chen 55 CS401 02 10 9 8 10 9 9 8 7 7 9 16 78 88
Jinhe Zhang 12 CS401 02 10 9 8 10 9 9 8 10 10 9 19 74 87
Peng Luo 35 CS401 03 10 9 8 10 9 9 8 7 7 9 17 89 88
Juyi Li 25 CS401 01 10 9 8 10 9 9 8 6 7 7 19 88 83
Bei Liu 76 CS401 03 10 9 8 10 9 9 10 7 7 9 19 92 84
Fei Zhang 86 CS401 01 10 9 8 9 9 9 8 7 7 9 18 90 86
Yu Guan 33 CS401 03 10 10 8 9 9 9 8 7 7 9 19 99 85
Tayo Li 44 CS401 01 10 10 9 10 9 9 8 7 7 9 18 98 88
Yuezheng Zhang 55 CS401 01 10 8 8 7 6 9 8 7 7 9 17 77 70
Sitan Li 80 CS401 03 10 9 8 10 6 9 10 7 7 9 20 70 89
James King 50 CS401 01 10 9 8 8 10 10 10 10 7 9 19 88 90